1000 1 0.000008 0.000159
1000 2 0.000012 0.001814
1000 3 0.000009 0.001191
1000 4 0.000009 0.002511
1000 5 0.000009 0.001151
1000 6 0.000008 0.009340
1000 7 0.000013 0.007629
1000 8 0.000008 0.006549
1000000 1 0.005121 0.005016
1000000 2 0.087545 0.025772
1000000 3 0.005701 0.013702
1000000 4 0.006260 0.004908
1000000 5 0.008290 0.024346
1000000 6 0.033425 0.019142
1000000 7 0.006064 0.040010
1000000 8 0.005057 0.050612
100000000 1 1.017077 0.801166
100000000 2 0.800196 0.229644
100000000 3 0.566956 0.483359
100000000 4 0.896398 0.239877
100000000 5 0.431922 0.733355
100000000 6 0.460084 0.807754
100000000 7 1.528047 0.294657
100000000 8 1.607072 0.400915
